0.454451 0.006121
0.454458 0.005874
0.454464 0.005645
0.454470 0.005431
0.454475 0.005233
0.454479 0.005047
0.454483 0.004873
0.454487 0.004710
0.454491 0.004556
0.454494 0.004411
0.454497 0.004275
0.454499 0.004146
0.454502 0.004023
0.454504 0.003907
0.454506 0.003797
0.454508 0.003693
0.454510 0.003593
0.454512 0.003498
0.454513 0.003407
0.454515 0.003321
0.454516 0.003238
0.454517 0.003159
0.454518 0.003083
0.454519 0.003010
0.454521 0.002940
0.454522 0.002873
0.454522 0.002809
0.454523 0.002747
0.454524 0.002687
0.454525 0.002630
0.454526 0.002574
0.454526 0.002521
0.454527 0.002469
0.454528 0.002419
0.454528 0.002371
0.454529 0.002324
0.454529 0.002279
0.454530 0.002236
0.454530 0.002193
0.454531 0.002152
0.454531 0.002113
0.454532 0.002074
0.454532 0.002037
0.454533 0.002000
0.454533 0.001965
0.454533 0.001931
0.454534 0.001898
0.454534 0.001865
0.454534 0.001834
0.454535 0.001803
0.454535 0.001773
0.454535 0.001744
0.454536 0.001716
0.454536 0.001688
0.454536 0.001661
0.454536 0.001635
0.454537 0.001609
0.454537 0.001584
0.454537 0.001560
0.454537 0.001536
0.454537 0.001513
0.454538 0.001490
0.454538 0.001468
0.454538 0.001446
0.454538 0.001425
0.454538 0.001404
0.454538 0.001384
0.454539 0.001364
0.454539 0.001345
0.454539 0.001326
0.454539 0.001307
0.454539 0.001289
0.454539 0.001271
0.454539 0.001254
0.454540 0.001236
0.454540 0.001220
0.454540 0.001203
0.454540 0.001187
0.454540 0.001171
0.454540 0.001156
0.454540 0.001140
0.454540 0.001125
0.454541 0.001111
0.454541 0.001096
0.454541 0.001082
0.454541 0.001068
0.454541 0.001055
0.454541 0.001041
0.454541 0.001028
0.454541 0.001015
0.454541 0.001002
0.454541 0.000990
0.454541 0.000978
0.454541 0.000966
0.454542 0.000954
0.454542 0.000942
0.454542 0.000930
0.454542 0.000919
0.454542 0.000908
0.454542 0.000897
0.454542 0.000886
0.454542 0.000876
0.454542 0.000865
0.454542 0.000855
0.454542 0.000845
0.454542 0.000835
0.454542 0.000825
0.454542 0.000816
0.454542 0.000806
0.454542 0.000797
0.454543 0.000787
0.454543 0.000778
0.454543 0.000769
0.454543 0.000761
0.454543 0.000752
0.454543 0.000743
0.454543 0.000735
0.454543 0.000727
0.454543 0.000718
0.454543 0.000710
0.454543 0.000702
0.454543 0.000694
0.454543 0.000686
0.454543 0.000679
0.454543 0.000671
0.454543 0.000664
0.454543 0.000656
0.454543 0.000649
0.454543 0.000642
0.454543 0.000635
0.454543 0.000628
0.454543 0.000621
0.454543 0.000614
0.454543 0.000607
0.454543 0.000601
0.454543 0.000594
0.454544 0.000588
0.454544 0.000581
0.454544 0.000575
0.454544 0.000569
0.454544 0.000562
0.454544 0.000556
0.454544 0.000550
0.454544 0.000544
0.454544 0.000538
0.454544 0.000533
0.454544 0.000527
0.454544 0.000521
0.454544 0.000516
0.454544 0.000510
0.454544 0.000505
0.454544 0.000499
0.454544 0.000494
0.454544 0.000488
0.454544 0.000483
0.454544 0.000478
0.454544 0.000473
0.454544 0.000468
0.454544 0.000463
0.454544 0.000458
0.454544 0.000453
0.454544 0.000448
0.454544 0.000443
0.454544 0.000438
0.454544 0.000434
0.454544 0.000429
0.454544 0.000424
0.454544 0.000420
0.454544 0.000415
0.454544 0.000411
0.454544 0.000406
0.454544 0.000402
0.454544 0.000398
0.454544 0.000393
0.454544 0.000389
0.454544 0.000385
0.454544 0.000381
0.454544 0.000377
0.454544 0.000373
0.454544 0.000369
0.454544 0.000365
0.454544 0.000361
0.454544 0.000357
0.454544 0.000353
0.454544 0.000349
0.454545 0.000345
0.454545 0.000341
0.454545 0.000338
0.454545 0.000334
0.454545 0.000330
0.454545 0.000327
0.454545 0.000323
0.454545 0.000319
0.454545 0.000316
0.454545 0.000312
0.454545 0.000309
0.454545 0.000305
0.454545 0.000302
0.454545 0.000299
0.454545 0.000295
0.454545 0.000292
0.454545 0.000289
0.454545 0.000285
0.454545 0.000282
0.454545 0.000279
0.454545 0.000276
0.454545 0.000273
0.454545 0.000269
0.454545 0.000266
0.454545 0.000263
0.454545 0.000260
0.454545 0.000257
0.454545 0.000254
0.454545 0.000251
0.454545 0.000248
0.454545 0.000245
0.454545 0.000243
0.454545 0.000240
0.454545 0.000237
0.454545 0.000234
0.454545 0.000231
0.454545 0.000228
0.454545 0.000226
0.454545 0.000223
0.454545 0.000220
0.454545 0.000217
0.454545 0.000215
0.454545 0.000212
0.454545 0.000210
0.454545 0.000207
0.454545 0.000204
0.454545 0.000202
0.454545 0.000199
0.454545 0.000197
0.454545 0.000194
0.454545 0.000192
0.454545 0.000189
0.454545 0.000187
0.454545 0.000184
0.454545 0.000182
0.454545 0.000180
0.454545 0.000177
0.454545 0.000175
0.454545 0.000172
0.454545 0.000170
0.454545 0.000168
0.454545 0.000165
0.454545 0.000163
0.454545 0.000161
0.454545 0.000159
0.454545 0.000156
0.454545 0.000154
0.454545 0.000152
0.454545 0.000150
0.454545 0.000148
0.454545 0.000146
0.454545 0.000143
0.454545 0.000141
0.454545 0.000139
0.454545 0.000137
0.454545 0.000135
0.454545 0.000133
0.454545 0.000131
0.454545 0.000129
0.454545 0.000127
0.454545 0.000125
0.454545 0.000123
0.454545 0.000121
0.454545 0.000119
0.454545 0.000117
0.454545 0.000115
0.454545 0.000113
0.454545 0.000111
0.454545 0.000109
0.454545 0.000108
0.454545 0.000106
0.454545 0.000104
0.454545 0.000102
0.454545 0.000100
0.454545 0.000098
0.454545 0.000096
0.454545 0.000095
0.454545 0.000093
0.454545 0.000091
0.454545 0.000089
0.454545 0.000088
0.454545 0.000086
0.454545 0.000084
0.454545 0.000082
0.454545 0.000081
0.454545 0.000079
0.454545 0.000077
0.454545 0.000076
0.454545 0.000074
0.454545 0.000072
0.454545 0.000071
0.454545 0.000069
0.454545 0.000067
0.454545 0.000066
0.454545 0.000064
0.454545 0.000063
0.454545 0.000061
0.454545 0.000059
0.454545 0.000058
0.454545 0.000056
0.454545 0.000055
0.454545 0.000053
0.454545 0.000052
0.454545 0.000050
0.454545 0.000049
0.454545 0.000047
0.454545 0.000046
0.454545 0.000044
0.454545 0.000043
0.454545 0.000041
0.454545 0.000040
0.454545 0.000038
0.454545 0.000037
0.454545 0.000036
0.454545 0.000034
0.454545 0.000033
0.454545 0.000031
0.454545 0.000030
0.454545 0.000029
0.454545 0.000027
0.454545 0.000026
0.454545 0.000024
0.454545 0.000023
0.454545 0.000022
0.454545 0.000020
0.454545 0.000019
0.454545 0.000018
0.454545 0.000016
0.454545 0.000015
0.454545 0.000014
0.454545 0.000012
0.454545 0.000011
0.454545 0.000010
0.454545 0.000009
0.454545 0.000007
0.454545 0.000006
0.454545 0.000005
0.454545 0.000004
0.454545 0.000002
0.454545 0.000001
0.454545 -0.000000
0.454545 -0.000001
0.454545 -0.000003
0.454545 -0.000004
0.454545 -0.000005
0.454545 -0.000006
0.454545 -0.000007
0.454545 -0.000009
0.454545 -0.000010
0.454545 -0.000011
0.454545 -0.000012
0.454545 -0.000013
0.454545 -0.000014
0.454545 -0.000016
0.454545 -0.000017
0.454545 -0.000018
0.454545 -0.000019
0.454545 -0.000020
0.454545 -0.000021
0.454545 -0.000022
0.454546 -0.000023
0.454546 -0.000025
0.454546 -0.000026
0.454546 -0.000027
0.454546 -0.000028
0.454546 -0.000029
0.454546 -0.000030
0.454546 -0.000031
0.454546 -0.000032
0.454546 -0.000033
0.454546 -0.000034
0.454546 -0.000035
0.454546 -0.000036
0.454546 -0.000037
0.454546 -0.000038
0.454546 -0.000039
0.454546 -0.000040
0.454546 -0.000041
0.454546 -0.000042
0.454546 -0.000043
0.454546 -0.000044
0.454546 -0.000045
0.454546 -0.000046
0.454546 -0.000047
0.454546 -0.000048
0.454546 -0.000049
0.454546 -0.000050
0.454546 -0.000051
0.454546 -0.000052
0.454546 -0.000053
0.454546 -0.000054
0.454546 -0.000055
0.454546 -0.000056
0.454546 -0.000057
0.454546 -0.000058
0.454546 -0.000059
0.454546 -0.000060
0.454546 -0.000061
0.454546 -0.000062
0.454546 -0.000063
0.454546 -0.000064
0.454546 -0.000064
0.454546 -0.000065
0.454546 -0.000066
0.454546 -0.000067
0.454546 -0.000068
0.454546 -0.000069
0.454546 -0.000070
0.454546 -0.000071
0.454546 -0.000072
0.454546 -0.000072
0.454546 -0.000073
0.454546 -0.000074
0.454546 -0.000075
0.454546 -0.000076
0.454546 -0.000077
0.454546 -0.000078
0.454546 -0.000078
0.454546 -0.000079
0.454546 -0.000080
0.454546 -0.000081
0.454546 -0.000082
0.454546 -0.000083
0.454546 -0.000083
0.454546 -0.000084
0.454546 -0.000085
0.454546 -0.000086
0.454546 -0.000087
0.454546 -0.000087
0.454546 -0.000088
0.454546 -0.000089
0.454546 -0.000090
0.454546 -0.000091
0.454546 -0.000091
0.454546 -0.000092
0.454546 -0.000093
0.454546 -0.000094
0.454546 -0.000094
0.454546 -0.000095
0.454546 -0.000096
0.454546 -0.000097
0.454546 -0.000098
0.454546 -0.000098
0.454546 -0.000099
0.454546 -0.000100
0.454546 -0.000101
0.454546 -0.000101
0.454546 -0.000102
0.454546 -0.000103
0.454546 -0.000103
0.454546 -0.000104
0.454546 -0.000105
0.454546 -0.000106
0.454546 -0.000106
0.454546 -0.000107
0.454546 -0.000108
0.454546 -0.000109
0.454546 -0.000109
0.454546 -0.000110
0.454546 -0.000111
0.454546 -0.000111
0.454546 -0.000112
0.454546 -0.000113
0.454546 -0.000113
0.454546 -0.000114
0.454546 -0.000115
0.454546 -0.000116
0.454546 -0.000116
0.454546 -0.000117
0.454546 -0.000118
0.454546 -0.000118
0.454546 -0.000119
0.454546 -0.000120
0.454546 -0.000120
0.454546 -0.000121
0.454546 -0.000122
0.454546 -0.000122
0.454546 -0.000123
0.454546 -0.000124
0.454546 -0.000124
0.454546 -0.000125
0.454546 -0.000125
0.454546 -0.000126
0.454546 -0.000127
0.454546 -0.000127
0.454546 -0.000128
0.454546 -0.000129
0.454546 -0.000129
0.454546 -0.000130
0.454546 -0.000131
0.454546 -0.000131
0.454546 -0.000132
0.454546 -0.000132
0.454546 -0.000133
0.454546 -0.000134
0.454546 -0.000134
0.454546 -0.000135
0.454546 -0.000135
0.454546 -0.000136
0.454546 -0.000137
0.454546 -0.000137
0.454546 -0.000138
0.454546 -0.000138
0.454546 -0.000139
0.454546 -0.000140
0.454546 -0.000140
0.454546 -0.000141
0.454546 -0.000141
0.454546 -0.000142
0.454546 -0.000143
0.454546 -0.000143
0.454546 -0.000144
0.454546 -0.000144
0.454546 -0.000145
0.454546 -0.000145
0.454546 -0.000146
0.454546 -0.000147
0.454546 -0.000147
0.454546 -0.000148
0.454546 -0.000148
0.454546 -0.000149
0.454546 -0.000149
0.454546 -0.000150
0.454546 -0.000150
0.454546 -0.000151
0.454546 -0.000152
0.454546 -0.000152
0.454546 -0.000153
0.454546 -0.000153
0.454546 -0.000154
0.454546 -0.000154
0.454546 -0.000155
0.454546 -0.000155
0.454546 -0.000156
0.454546 -0.000156
0.454546 -0.000157
0.454546 -0.000157
0.454546 -0.000158
0.454546 -0.000158
0.454546 -0.000159
0.454546 -0.000159
0.454546 -0.000160
0.454546 -0.000161
0.454546 -0.000161
0.454546 -0.000162
0.454546 -0.000162
0.454546 -0.000163
0.454546 -0.000163
0.454546 -0.000164
0.454546 -0.000164
0.454546 -0.000165
0.454546 -0.000165
0.454546 -0.000166
0.454546 -0.000166
0.454546 -0.000167
0.454546 -0.000167
0.454546 -0.000168
0.454546 -0.000168
0.454546 -0.000169
0.454546 -0.000169
0.454546 -0.000169
0.454546 -0.000170
0.454546 -0.000170
0.454546 -0.000171
0.454546 -0.000171
0.454546 -0.000172
0.454546 -0.000172
0.454546 -0.000173
0.454546 -0.000173
0.454546 -0.000174
0.454546 -0.000174
0.454546 -0.000175
0.454546 -0.000175
0.454546 -0.000176
0.454546 -0.000176
0.454546 -0.000177
0.454546 -0.000177
0.454546 -0.000177
0.454546 -0.000178
0.454546 -0.000178
0.454546 -0.000179
0.454546 -0.000179
0.454546 -0.000180
0.454546 -0.000180
0.454546 -0.000181
0.454546 -0.000181
0.454546 -0.000182
0.454546 -0.000182
0.454546 -0.000182
0.454546 -0.000183
0.454546 -0.000183
0.454546 -0.000184
0.454546 -0.000184
0.454546 -0.000185
0.454546 -0.000185
0.454546 -0.000185
0.454546 -0.000186
0.454546 -0.000186
0.454546 -0.000187
0.454546 -0.000187
0.454546 -0.000188
0.454546 -0.000188
0.454546 -0.000188
0.454546 -0.000189
0.454546 -0.000189
0.454546 -0.000190
0.454546 -0.000190
0.454546 -0.000191
0.454546 -0.000191
0.454546 -0.000191
0.454546 -0.000192
0.454546 -0.000192
0.454546 -0.000193
0.454546 -0.000193
0.454546 -0.000193
0.454546 -0.000194
0.454546 -0.000194
0.454546 -0.000195
0.454546 -0.000195
0.454546 -0.000195
0.454546 -0.000196
0.454546 -0.000196
0.454546 -0.000197
0.454546 -0.000197
0.454546 -0.000197
0.454546 -0.000198
0.454546 -0.000198
0.454546 -0.000199
0.454546 -0.000199
0.454546 -0.000199
0.454546 -0.000200
0.454546 -0.000200
0.454546 -0.000200
0.454546 -0.000201
0.454546 -0.000201
0.454546 -0.000202
0.454546 -0.000202
0.454546 -0.000202
0.454546 -0.000203
0.454546 -0.000203
0.454546 -0.000204
0.454546 -0.000204
0.454546 -0.000204
0.454546 -0.000205
0.454546 -0.000205
0.454546 -0.000205
0.454546 -0.000206
0.454546 -0.000206
0.454546 -0.000206
0.454546 -0.000207
0.454546 -0.000207
0.454546 -0.000208
0.454546 -0.000208
0.454546 -0.000208
0.454546 -0.000209
0.454546 -0.000209
0.454546 -0.000209
0.454546 -0.000210
0.454546 -0.000210
0.454546 -0.000210
0.454546 -0.000211
0.454546 -0.000211
0.454546 -0.000212
0.454546 -0.000212
0.454546 -0.000212
0.454546 -0.000213
0.454546 -0.000213
0.454546 -0.000213
0.454546 -0.000214
0.454546 -0.000214
0.454546 -0.000214
0.454546 -0.000215
0.454546 -0.000215
0.454546 -0.000215
0.454546 -0.000216
0.454546 -0.000216
0.454546 -0.000216
0.454546 -0.000217
0.454546 -0.000217
0.454546 -0.000217
0.454546 -0.000218
0.454546 -0.000218
0.454546 -0.000218
0.454546 -0.000219
0.454546 -0.000219
0.454546 -0.000219
0.454546 -0.000220
0.454546 -0.000220
0.454546 -0.000220
0.454546 -0.000221
0.454546 -0.000221
0.454546 -0.000221
0.454546 -0.000222
0.454546 -0.000222
0.454546 -0.000222
0.454546 -0.000223
0.454546 -0.000223
0.454546 -0.000223
0.454546 -0.000224
0.454546 -0.000224
0.454546 -0.000224
0.454546 -0.000224
0.454546 -0.000225
0.454546 -0.000225
0.454546 -0.000225
0.454546 -0.000226
0.454546 -0.000226
0.454546 -0.000226
0.454546 -0.000227
0.454546 -0.000227
0.454546 -0.000227
0.454546 -0.000228
0.454546 -0.000228
0.454546 -0.000228
0.454546 -0.000228
0.454546 -0.000229
0.454546 -0.000229
0.454546 -0.000229
0.454546 -0.000230
0.454546 -0.000230
0.454546 -0.000230
0.454546 -0.000231
0.454546 -0.000231
0.454546 -0.000231
0.454546 -0.000231
0.454546 -0.000232
0.454546 -0.000232
0.454546 -0.000232
0.454546 -0.000233
0.454546 -0.000233
0.454546 -0.000233
0.454546 -0.000234
0.454546 -0.000234
0.454546 -0.000234
0.454546 -0.000234
0.454546 -0.000235
0.454546 -0.000235
0.454546 -0.000235
0.454546 -0.000236
0.454546 -0.000236
0.454546 -0.000236
0.454546 -0.000236
0.454546 -0.000237
0.454546 -0.000237
0.454546 -0.000237
0.454546 -0.000238
0.454546 -0.000238
0.454546 -0.000238
0.454546 -0.000238
0.454546 -0.000239
0.454546 -0.000239
0.454546 -0.000239
0.454546 -0.000239
0.454546 -0.000240
0.454546 -0.000240
0.454546 -0.000240
0.454546 -0.000241
0.454546 -0.000241
0.454546 -0.000241
0.454546 -0.000241
0.454546 -0.000242
0.454546 -0.000242
0.454546 -0.000242
0.454546 -0.000242
0.454546 -0.000243
0.454546 -0.000243
0.454546 -0.000243
0.454546 -0.000244
0.454546 -0.000244
0.454546 -0.000244
0.454546 -0.000244
0.454546 -0.000245
0.454546 -0.000245
0.454546 -0.000245
0.454546 -0.000245
0.454546 -0.000246
0.454546 -0.000246
0.454546 -0.000246
0.454546 -0.000246
0.454546 -0.000247
0.454546 -0.000247
0.454546 -0.000247
0.454546 -0.000247
0.454546 -0.000248
0.454546 -0.000248
0.454546 -0.000248
0.454546 -0.000248
0.454546 -0.000249
0.454546 -0.000249
0.454546 -0.000249
0.454546 -0.000249
0.454546 -0.000250
0.454546 -0.000250
0.454546 -0.000250
0.454546 -0.000250
0.454546 -0.000251
0.454546 -0.000251
0.454546 -0.000251
0.454546 -0.000251
0.454546 -0.000252
0.454546 -0.000252
0.454546 -0.000252
0.454546 -0.000252
0.454546 -0.000253
0.454546 -0.000253
0.454546 -0.000253
0.454546 -0.000253
0.454546 -0.000254
0.454546 -0.000254
0.454546 -0.000254
0.454546 -0.000254
0.454546 -0.000255
0.454546 -0.000255
0.454546 -0.000255
0.454546 -0.000255
0.454546 -0.000256
0.454546 -0.000256
0.454546 -0.000256
0.454546 -0.000256
0.454546 -0.000256
0.454546 -0.000257
0.454546 -0.000257
0.454546 -0.000257
0.454546 -0.000257
0.454546 -0.000258
0.454546 -0.000258
0.454546 -0.000258
0.454546 -0.000258
0.454546 -0.000259
0.454546 -0.000259
0.454546 -0.000259
0.454546 -0.000259
0.454546 -0.000259
0.454546 -0.000260
0.454546 -0.000260
0.454546 -0.000260
0.454546 -0.000260
0.454546 -0.000261
0.454546 -0.000261
0.454546 -0.000261
0.454546 -0.000261
0.454546 -0.000261
0.454546 -0.000262
0.454546 -0.000262
0.454546 -0.000262
0.454546 -0.000262
0.454546 -0.000263
0.454546 -0.000263
0.454546 -0.000263
0.454546 -0.000263
0.454546 -0.000263
0.454546 -0.000264
0.454546 -0.000264
0.454546 -0.000264
0.454546 -0.000264
0.454546 -0.000265
0.454546 -0.000265
0.454546 -0.000265
0.454546 -0.000265
0.454546 -0.000265
0.454546 -0.000266
0.454546 -0.000266
0.454546 -0.000266
0.454546 -0.000266
0.454546 -0.000266
0.454546 -0.000267
0.454546 -0.000267
0.454546 -0.000267
0.454546 -0.000267
0.454546 -0.000267
0.454546 -0.000268
0.454546 -0.000268
0.454546 -0.000268
0.454546 -0.000268
0.454546 -0.000269
0.454546 -0.000269
0.454546 -0.000269
0.454546 -0.000269
0.454546 -0.000269
0.454546 -0.000270
0.454546 -0.000270
0.454546 -0.000270
0.454546 -0.000270
0.454546 -0.000270
0.454546 -0.000271
0.454546 -0.000271
0.454546 -0.000271
0.454546 -0.000271
0.454546 -0.000271
0.454546 -0.000272
0.454546 -0.000272
0.454546 -0.000272
0.454546 -0.000272
0.454546 -0.000272
0.454546 -0.000273
0.454546 -0.000273
0.454546 -0.000273
0.454546 -0.000273
0.454546 -0.000273
0.454546 -0.000274
0.454546 -0.000274
0.454546 -0.000274
0.454546 -0.000274
0.454546 -0.000274
0.454546 -0.000274
0.454546 -0.000275
0.454546 -0.000275
0.454546 -0.000275
0.454546 -0.000275
0.454546 -0.000275
0.454546 -0.000276
0.454546 -0.000276
0.454546 -0.000276
0.454546 -0.000276
0.454546 -0.000276
0.454546 -0.000277
0.454546 -0.000277
0.454546 -0.000277
0.454546 -0.000277
0.454546 -0.000277
0.454546 -0.000278
0.454546 -0.000278
0.454546 -0.000278
0.454546 -0.000278
0.454546 -0.000278
0.454546 -0.000278
0.454546 -0.000279
0.454546 -0.000279
0.454546 -0.000279
0.454546 -0.000279
0.454546 -0.000279
0.454546 -0.000280
0.454546 -0.000280
0.454546 -0.000280
0.454546 -0.000280
0.454546 -0.000280
0.454546 -0.000280
0.454546 -0.000281
0.454546 -0.000281
0.454546 -0.000281
0.454546 -0.000281
0.454546 -0.000281
0.454546 -0.000282
0.454546 -0.000282
0.454546 -0.000282
0.454546 -0.000282
0.454546 -0.000282
0.454546 -0.000282
0.454546 -0.000283
0.454546 -0.000283
0.454546 -0.000283
0.454546 -0.000283
0.454546 -0.000283
0.454546 -0.000283
0.454546 -0.000284
0.454546 -0.000284
0.454546 -0.000284
0.454546 -0.000284
0.454546 -0.000284
0.454546 -0.000284
0.454546 -0.000285
0.454546 -0.000285
0.454546 -0.000285
0.454546 -0.000285
0.454546 -0.000285
0.454546 -0.000286
0.454546 -0.000286
0.454546 -0.000286
0.454546 -0.000286
0.454546 -0.000286
0.454546 -0.000286
0.454546 -0.000287
0.454546 -0.000287
0.454546 -0.000287
0.454546 -0.000287
0.454546 -0.000287
0.454546 -0.000287
0.454546 -0.000288
0.454546 -0.000288
0.454546 -0.000288
0.454546 -0.000288
0.454546 -0.000288
0.454546 -0.000288
0.454546 -0.000289
0.454546 -0.000289
0.454546 -0.000289
0.454546 -0.000289
0.454546 -0.000289
0.454546 -0.000289
0.454546 -0.000290
0.454546 -0.000290
0.454546 -0.000290
0.454546 -0.000290
0.454546 -0.000290
0.454546 -0.000290
