20 25.000000
21 23.809524
22 22.727273
23 21.739130
24 20.833333
25 20.000000
26 19.230769
27 18.518519
28 17.857143
29 17.241379
30 16.666667
31 16.129032
32 15.625000
33 15.151515
34 14.705882
35 14.285714
36 13.888889
37 13.513514
38 13.157895
39 12.820513
40 12.500000
41 12.195122
42 11.904762
43 11.627907
44 11.363636
45 11.111111
46 10.869565
47 10.638298
48 10.416667
49 10.204082
50 10.000000
51 9.803922
52 9.615385
53 9.433962
54 9.259259
55 9.090909
56 8.928571
57 8.771930
58 8.620690
59 8.474576
60 8.333333
61 8.196721
62 8.064516
63 7.936508
64 7.812500
65 7.692308
66 7.575758
67 7.462687
68 7.352941
69 7.246377
70 7.142857
71 7.042254
72 6.944444
73 6.849315
74 6.756757
75 6.666667
76 6.578947
77 6.493506
78 6.410256
79 6.329114
80 6.250000
81 6.172840
82 6.097561
83 6.024096
84 5.952381
85 5.882353
86 5.813953
87 5.747126
88 5.681818
89 5.617978
90 5.555556
91 5.494505
92 5.434783
93 5.376344
94 5.319149
95 5.263158
96 5.208333
97 5.154639
98 5.102041
99 5.050505
100 5.000000
